﻿,index,股票代號,股票名稱,融資前日餘額,融資今日餘額,融券前日餘額,融券今日餘額,融資買進,融資賣出,融資現金償還,融資限額,融券買進,融券賣出,融券現券償還,融券限額,資券互抵,註記,filter
2022-12-08,581.0,2634,漢翔,30430,31705,258,329,,,,,,,,,,,False
2022-12-12,,2634,漢翔,30256,32079,298,282,3246.0,1423.0,,235466.0,31.0,15.0,,235466.0,4.0, ,False
2022-12-13,,2634,漢翔,31281,28017,295,274,524.0,1788.0,2000.0,235466.0,22.0,1.0,,235466.0,5.0, ,False
2022-12-14,,2634,漢翔,28017,27974,274,268,843.0,885.0,1.0,235466.0,48.0,42.0,,235466.0,9.0, ,False
2022-12-15,,2634,漢翔,27974,28509,268,278,3874.0,1339.0,2000.0,235466.0,16.0,26.0,,235466.0,28.0, ,False
2022-12-18,,2634,漢翔,28509,29347,278,369,2489.0,1647.0,4.0,235466.0,52.0,143.0,,235466.0,4.0, ,False
2022-12-19,,2634,漢翔,29347,29136,369,363,669.0,880.0,,235466.0,19.0,13.0,,235466.0,, ,False
2022-12-20,,2634,漢翔,29136,26639,363,212,476.0,2972.0,1.0,235466.0,168.0,17.0,,235466.0,1.0, ,False
2022-12-21,,2634,漢翔,26639,25434,212,206,288.0,1491.0,2.0,235466.0,12.0,6.0,,235466.0,12.0, ,False
2022-12-23,,2634,漢翔,24669,24266,206,264,1411.0,1812.0,2.0,235466.0,7.0,65.0,,235466.0,19.0, ,False
2022-12-26,,2634,漢翔,24266,24771,264,279,1669.0,1164.0,,235466.0,8.0,23.0,,235466.0,35.0, ,False
2022-12-27,,2634,漢翔,24771,24418,279,270,930.0,1283.0,,235466.0,14.0,5.0,,235466.0,19.0, ,False
2022-12-28,,2634,漢翔,24418,24262,270,279,810.0,962.0,4.0,235466.0,17.0,26.0,,235466.0,10.0, ,False
2022-12-29,,2634,漢翔,24262,25718,279,286,1858.0,400.0,2.0,235466.0,7.0,14.0,,235466.0,3.0, ,False
2022-12-30,,2634,漢翔,25718,29303,286,361,5386.0,1799.0,2.0,235466.0,4.0,79.0,,235466.0,59.0, ,False
2023-01-03,,2634,漢翔,29303,29271,361,300,1452.0,1480.0,4.0,235466.0,62.0,1.0,,235466.0,24.0, ,
2023-01-04,,2634,漢翔,29271,29115,300,365,848.0,1004.0,,235466.0,2.0,67.0,,235466.0,3.0, ,
2023-01-05,,2634,漢翔,29115,28430,365,357,994.0,1674.0,5.0,235466.0,12.0,5.0,1.0,235466.0,5.0, ,
2023-01-06,,2634,漢翔,28430,27621,357,372,314.0,1123.0,,235466.0,3.0,23.0,5.0,235466.0,1.0, ,
2023-01-10,,2634,漢翔,27504,27019,322,305,448.0,909.0,24.0,235466.0,21.0,4.0,,235466.0,, ,
2023-01-11,,2634,漢翔,27019,26419,305,303,713.0,1313.0,,235466.0,5.0,3.0,,235466.0,17.0, ,
2023-01-12,,2634,漢翔,26419,26011,303,294,325.0,669.0,64.0,235466.0,10.0,1.0,,235466.0,3.0, ,
2023-01-14,,2634,漢翔,26011,25288,294,231,149.0,857.0,15.0,235466.0,64.0,1.0,,235466.0,, ,
2023-01-16,,2634,漢翔,25288,24484,231,224,203.0,955.0,52.0,235466.0,12.0,5.0,,235466.0,, ,
2023-01-18,,2634,漢翔,24484,23913,224,208,145.0,698.0,18.0,235466.0,16.0,,,235466.0,, ,
2023-02-01,,2634,漢翔,23627,23178,209,198,871.0,1320.0,,235466.0,12.0,1.0,,235466.0,5.0, ,
2023-02-02,,2634,漢翔,23627,23178,209,198,871.0,1320.0,,235466.0,12.0,1.0,,235466.0,5.0, ,
2023-02-03,,2634,漢翔,23112,22332,186,193,720.0,1498.0,2.0,235466.0,2.0,9.0,,235466.0,9.0, ,
2023-02-04,,2634,漢翔,23112,22332,186,193,720.0,1498.0,2.0,235466.0,2.0,9.0,,235466.0,9.0, ,
2023-02-06,,2634,漢翔,22332,23209,193,203,1685.0,808.0,,235466.0,3.0,13.0,,235466.0,2.0, ,
2023-02-07,,2634,漢翔,23209,23801,203,218,1178.0,586.0,,235466.0,,15.0,,235466.0,2.0, ,
2023-02-08,,2634,漢翔,23801,22879,218,256,703.0,1615.0,10.0,235466.0,19.0,57.0,,235466.0,, ,
2023-02-09,,2634,漢翔,22879,28344,256,404,8813.0,3348.0,,235466.0,17.0,165.0,,235466.0,48.0, ,
2023-02-10,,2634,漢翔,28344,33753,404,566,11101.0,5689.0,3.0,235466.0,52.0,214.0,,235466.0,204.0, ,
2023-02-11,,2634,漢翔,28344,33753,404,566,11101.0,5689.0,3.0,235466.0,52.0,214.0,,235466.0,204.0, ,
2023-02-13,,2634,漢翔,33753,35520,566,524,5118.0,3351.0,,235466.0,101.0,59.0,,235466.0,10.0, ,
2023-02-14,,2634,漢翔,35520,36635,524,529,2765.0,1647.0,3.0,235466.0,22.0,27.0,,235466.0,3.0, ,
2023-02-15,,2634,漢翔,36635,37415,529,533,2325.0,1545.0,,235466.0,17.0,21.0,,235466.0,1.0, ,
2023-02-16,,2634,漢翔,37402,37662,533,506,1933.0,1663.0,10.0,235466.0,69.0,44.0,2.0,235466.0,1.0, ,
2023-02-17,,2634,漢翔,37676,37178,506,559,2469.0,2967.0,,235466.0,14.0,67.0,,235466.0,4.0, ,
2023-02-18,,2634,漢翔,37676,37178,506,559,2469.0,2967.0,,235466.0,14.0,67.0,,235466.0,4.0, ,
2023-02-20,,2634,漢翔,37178,36212,559,557,1967.0,2932.0,1.0,235466.0,10.0,8.0,,235466.0,11.0, ,
2023-02-21,,2634,漢翔,36212,35582,557,541,2760.0,3386.0,4.0,235466.0,31.0,15.0,,235466.0,27.0, ,
2023-02-22,,2634,漢翔,35582,34246,541,500,849.0,2185.0,,235466.0,77.0,36.0,,235466.0,24.0, ,
2023-02-23,,2634,漢翔,34246,34297,500,498,1030.0,979.0,,235466.0,10.0,8.0,,235466.0,21.0, ,
2023-02-24,,2634,漢翔,34297,33610,498,483,719.0,1405.0,1.0,235466.0,20.0,5.0,,235466.0,21.0, ,
2023-02-25,,2634,漢翔,34297,33610,498,483,719.0,1405.0,1.0,235466.0,20.0,5.0,,235466.0,21.0, ,
2023-02-27,,2634,漢翔,34297,33610,498,483,719.0,1405.0,1.0,235466.0,20.0,5.0,,235466.0,21.0, ,
2023-02-28,,2634,漢翔,34297,33610,498,483,719.0,1405.0,1.0,235466.0,20.0,5.0,,235466.0,21.0, ,
2023-03-01,,2634,漢翔,33610,34223,483,473,1515.0,902.0,,235466.0,39.0,29.0,,235466.0,3.0, ,
2023-03-02,,2634,漢翔,34223,33294,473,445,720.0,1649.0,,235466.0,25.0,7.0,10.0,235466.0,, ,
2023-03-03,,2634,漢翔,33294,32307,445,439,1234.0,2221.0,,235466.0,27.0,21.0,,235466.0,6.0, ,
2023-03-04,,2634,漢翔,33294,32307,445,439,1234.0,2221.0,,235466.0,27.0,21.0,,235466.0,6.0, ,
2023-03-06,,2634,漢翔,32307,32046,439,438,900.0,1158.0,3.0,235466.0,5.0,4.0,,235466.0,3.0, ,
2023-03-07,,2634,漢翔,32046,32270,438,451,3039,2815,,235466,3,16,,235466,1, ,
